{
    "camera_angle_x": 1.0927726340842405,
    "camera_angle_y": 0.8511274314395655,
    "fl_x": 657.738822278639,
    "fl_y": 661.8681106805519,
    "k1": 0.04425145124845901,
    "k2": -0.04401744488046604,
    "k3": 0,
    "k4": 0,
    "p1": -0.0009285693666760578,
    "p2": 0.003906706560051229,
    "is_fisheye": false,
    "cx": 406.41481121864587,
    "cy": 296.5437393748188,
    "w": 800.0,
    "h": 600.0,
    "aabb_scale": 32,
    "frames": [
        {
            "file_path": "images/IMG_4026",
            "sharpness": 2736.651794808177,
            "transform_matrix": [
                [
                    -0.029689931515554498,
                    -0.04403656206834708,
                    0.998588648626556,
                    4.072326637551682
                ],
                [
                    0.9992189170755899,
                    -0.027371775488605976,
                    0.02850160811054278,
                    -0.007686652091550147
                ],
                [
                    0.026078031461068917,
                    0.9986548788774889,
                    0.0448148320013814,
                    0.20556853161555652
                ],
                [
                    0.0,
                    0.0,
                    0.0,
                    1.0
                ]
            ]
        },
        {
            "file_path": "images/IMG_4027",
            "sharpness": 2763.8258834249823,
            "transform_matrix": [
                [
                    -0.08312205591203457,
                    -0.04479127475668936,
                    0.9955322523779108,
                    4.020962610724595
                ],
                [
                    0.9964889873746713,
                    -0.013781590943662601,
                    0.0825818732656472,
                    0.24069649834189716
                ],
                [
                    0.010021070898131762,
                    0.998901301157798,
                    0.04577956619848977,
                    0.21053739353064288
                ],
                [
                    0.0,
                    0.0,
                    0.0,
                    1.0
                ]
            ]
        },
        {
            "file_path": "images/IMG_4028",
            "sharpness": 2353.030834819267,
            "transform_matrix": [
                [
                    -0.12388378214449688,
                    -0.028115031602345027,
                    0.9918983584609781,
                    3.9707766643261575
                ],
                [
                    0.9922966914568282,
                    -0.003803114688120559,
                    0.12382573416903735,
                    0.4769428833986797
                ],
                [
                    0.0002909387868395858,
                    0.9995974596379672,
                    0.0283695970707046,
                    0.18734332501545403
                ],
                [
                    0.0,
                    0.0,
                    0.0,
                    1.0
                ]
            ]
        },
        {
            "file_path": "images/IMG_4029",
            "sharpness": 2491.493597786766,
            "transform_matrix": [
                [
                    -0.21743373845432099,
                    -0.024576099680467298,
                    0.9757656402560415,
                    3.9129731982144813
                ],
                [
                    0.9760594156581704,
                    0.00018970295245499916,
                    0.21750397954479092,
                    0.8096097279215992
                ],
                [
                    -0.005530505105051767,
                    0.9996979440487483,
                    0.023946485671125523,
                    0.16609916423988696
                ],
                [
                    0.0,
                    0.0,
                    0.0,
                    1.0
                ]
            ]
        },
        {
            "file_path": "images/IMG_4030",
            "sharpness": 1160.961514332222,
            "transform_matrix": [
                [
                    -0.22952409614461547,
                    -0.012103496349734778,
                    0.973227719839051,
                    3.8526711665602744
                ],
                [
                    0.9732945479239171,
                    0.0013077868143610242,
                    0.22955612097094252,
                    0.960473812972184
                ],
                [
                    -0.004051206051607187,
                    0.9999258947880935,
                    0.011480098421497624,
                    0.13307367646716595
                ],
                [
                    0.0,
                    0.0,
                    0.0,
                    1.0
                ]
            ]
        },
        {
            "file_path": "images/IMG_4031",
            "sharpness": 1891.2595777565102,
            "transform_matrix": [
                [
                    -0.22123157823711642,
                    -0.015729735563652418,
                    0.975094438609831,
                    3.848966401652154
                ],
                [
                    0.9751631307687129,
                    0.007352726746780879,
                    0.2213657737744244,
                    1.009491755016952
                ],
                [
                    -0.010651628043718742,
                    0.9998492450497194,
                    0.013712402835878445,
                    0.0390035258554476
                ],
                [
                    0.0,
                    0.0,
                    0.0,
                    1.0
                ]
            ]
        },
        {
            "file_path": "images/IMG_4032",
            "sharpness": 1988.5774329425994,
            "transform_matrix": [
                [
                    -0.16627577952514228,
                    -0.015474479298954688,
                    0.9859578619960093,
                    3.9279077807683236
                ],
                [
                    0.9860715022571823,
                    0.0013643744734944047,
                    0.16631635794040214,
                    0.7105698403312738
                ],
                [
                    -0.003918874776874729,
                    0.9998793322050074,
                    0.015032080619823213,
                    0.04836391559412377
                ],
                [
                    0.0,
                    0.0,
                    0.0,
                    1.0
                ]
            ]
        },
        {
            "file_path": "images/IMG_4033",
            "sharpness": 1977.1113479078776,
            "transform_matrix": [
                [
                    -0.07794989402887956,
                    -0.018671520882367766,
                    0.9967824177456356,
                    4.012325696883549
                ],
                [
                    0.9969556558714626,
                    0.0003436907934213048,
                    0.07796987945700952,
                    0.3542066175081085
                ],
                [
                    -0.0017984011725006386,
                    0.9998256128858607,
                    0.01858788768647256,
                    0.05781127606225062
                ],
                [
                    0.0,
                    0.0,
                    0.0,
                    1.0
                ]
            ]
        },
        {
            "file_path": "images/IMG_4034",
            "sharpness": 1867.1198489149306,
            "transform_matrix": [
                [
                    -0.007496820023898137,
                    -0.017992201326360886,
                    0.9998100211435021,
                    4.053327166341738
                ],
                [
                    0.9999614214726544,
                    -0.004711746935728222,
                    0.007413164452655776,
                    0.07580097623012037
                ],
                [
                    0.004577472656135662,
                    0.9998270251049699,
                    0.0180268303325051,
                    0.0625889232789981
                ],
                [
                    0.0,
                    0.0,
                    0.0,
                    1.0
                ]
            ]
        },
        {
            "file_path": "images/IMG_4035",
            "sharpness": 1915.7315020372876,
            "transform_matrix": [
                [
                    0.04550614132301218,
                    -0.015264168405554387,
                    0.9988474339271166,
                    4.067188738386479
                ],
                [
                    0.9988591133903088,
                    -0.013797796900310954,
                    -0.04571752834333996,
                    -0.15211125160987554
                ],
                [
                    0.014479734079441564,
                    0.9997882905703556,
                    0.014618869224520428,
                    0.055581406394761626
                ],
                [
                    0.0,
                    0.0,
                    0.0,
                    1.0
                ]
            ]
        },
        {
            "file_path": "images/IMG_4036",
            "sharpness": 1831.7389922762334,
            "transform_matrix": [
                [
                    0.030231135477003016,
                    0.0052941524435747,
                    0.999528914236944,
                    4.091285055697616
                ],
                [
                    0.9995320806565526,
                    -0.004820315547681451,
                    -0.030205699733716406,
                    -0.1354130247204149
                ],
                [
                    0.004658131186598355,
                    0.9999743679244653,
                    -0.005437398819603269,
                    -0.07198873705269174
                ],
                [
                    0.0,
                    0.0,
                    0.0,
                    1.0
                ]
            ]
        },
        {
            "file_path": "images/IMG_4037",
            "sharpness": 1265.2149420595445,
            "transform_matrix": [
                [
                    -0.055917951079166334,
                    0.010851664717558655,
                    0.9983763940107833,
                    4.027998665847748
                ],
                [
                    0.998435082030496,
                    0.001363688340177492,
                    0.05590641577554134,
                    0.22102966503750826
                ],
                [
                    -0.0007547965680643362,
                    0.9999401890738154,
                    -0.010910937410336604,
                    -0.045474011298460175
                ],
                [
                    0.0,
                    0.0,
                    0.0,
                    1.0
                ]
            ]
        },
        {
            "file_path": "images/IMG_4038",
            "sharpness": 1962.2504883673435,
            "transform_matrix": [
                [
                    -0.17501681067405211,
                    -0.010004751122962034,
                    0.9845146118440598,
                    3.9643895356933396
                ],
                [
                    0.9843936586419609,
                    -0.02045681056207001,
                    0.17478742439638428,
                    0.5279264963978091
                ],
                [
                    0.01839132422957448,
                    0.9997406783034315,
                    0.013428899302871413,
                    -0.05072868641603009
                ],
                [
                    0.0,
                    0.0,
                    0.0,
                    1.0
                ]
            ]
        },
        {
            "file_path": "images/IMG_4039",
            "sharpness": 2056.2253481681905,
            "transform_matrix": [
                [
                    -0.2234521544954928,
                    0.002562690688657638,
                    0.9747115302825579,
                    3.882584232968006
                ],
                [
                    0.974567719209292,
                    -0.016789908418138183,
                    0.22346332954314663,
                    0.7946500563120026
                ],
                [
                    0.016937984721424167,
                    0.9998557553916235,
                    0.0012542255903308143,
                    -0.058068162445990154
                ],
                [
                    0.0,
                    0.0,
                    0.0,
                    1.0
                ]
            ]
        },
        {
            "file_path": "images/IMG_4040",
            "sharpness": 2068.6180539166676,
            "transform_matrix": [
                [
                    -0.26014251431645213,
                    0.03689268040298478,
                    0.9648651731593417,
                    3.804141376828468
                ],
                [
                    0.9655069937491514,
                    -0.0014974290093555831,
                    0.2603728148786629,
                    1.031668499956945
                ],
                [
                    0.01105066814534978,
                    0.9993181114325179,
                    -0.035230595999730115,
                    -0.06219722006038537
                ],
                [
                    0.0,
                    0.0,
                    0.0,
                    1.0
                ]
            ]
        },
        {
            "file_path": "images/IMG_4041",
            "sharpness": 1801.3411937490228,
            "transform_matrix": [
                [
                    -0.27002276494121374,
                    0.056969992216767414,
                    0.9611670647698727,
                    3.7835176848327965
                ],
                [
                    0.9626955872309787,
                    -0.0021295999671683105,
                    0.2705784010781006,
                    1.0773382604326287
                ],
                [
                    0.017461750753022,
                    0.9983736198381898,
                    -0.05426971964031188,
                    -0.1385296371552614
                ],
                [
                    0.0,
                    0.0,
                    0.0,
                    1.0
                ]
            ]
        },
        {
            "file_path": "images/IMG_4042",
            "sharpness": 1849.964182022044,
            "transform_matrix": [
                [
                    -0.20497725739936706,
                    0.03858705012725548,
                    0.9780058095479388,
                    3.855127344964329
                ],
                [
                    0.9787419673940712,
                    0.0009721914870192225,
                    0.2050931888320417,
                    0.8118693446202435
                ],
                [
                    0.0069631322359228615,
                    0.9992547695178636,
                    -0.0379660425021601,
                    -0.1751590699035199
                ],
                [
                    0.0,
                    0.0,
                    0.0,
                    1.0
                ]
            ]
        },
        {
            "file_path": "images/IMG_4043",
            "sharpness": 1903.421640365261,
            "transform_matrix": [
                [
                    -0.0974968813729417,
                    0.02397649167235376,
                    0.9949469764603767,
                    3.9237786162845336
                ],
                [
                    0.994981424915995,
                    0.024950979787885047,
                    0.09689898183036301,
                    0.469725066178949
                ],
                [
                    -0.022501604268764915,
                    0.99940110889108,
                    -0.02628880656516334,
                    -0.16935845282942497
                ],
                [
                    0.0,
                    0.0,
                    0.0,
                    1.0
                ]
            ]
        },
        {
            "file_path": "images/IMG_4044",
            "sharpness": 1685.8050834712458,
            "transform_matrix": [
                [
                    -0.026127625261710682,
                    0.034000758259227784,
                    0.9990802248238078,
                    3.9541153319499407
                ],
                [
                    0.9995289533222389,
                    0.016984996052065906,
                    0.02556132585882331,
                    0.17717179789394633
                ],
                [
                    -0.016100269213018287,
                    0.9992774681463195,
                    -0.03442851992692865,
                    -0.19268619505806703
                ],
                [
                    0.0,
                    0.0,
                    0.0,
                    1.0
                ]
            ]
        },
        {
            "file_path": "images/IMG_4045",
            "sharpness": 1970.2439396240234,
            "transform_matrix": [
                [
                    0.009002613861167167,
                    0.037623838510369226,
                    0.9992514196724573,
                    3.951138377803574
                ],
                [
                    0.9984619921549244,
                    0.05432995100778182,
                    -0.011041134249313682,
                    -0.05271430776422661
                ],
                [
                    -0.054704690527228504,
                    0.9978139622180341,
                    -0.03707686118155946,
                    -0.20076017096849177
                ],
                [
                    0.0,
                    0.0,
                    0.0,
                    1.0
                ]
            ]
        }
    ]
}